DATA FOR RUN ---------- 
# Timing data 
Run started  25.45 after code started 
Run duration: 304.00 
Expected run duration: 304.00 
Jitter key (msec):  874.343167 490.521895 880.757375 68.235828 472.321065 766.757180 975.844804 1277.520139 1946.498367 408.063494 1062.641777 826.306721 1982.406400 1205.079593 925.436890 739.021862 1134.860112 968.777663 824.499420 959.609279
Actual jitter (msec):  874.257504 490.159400 880.784220 68.098876 472.179413 766.339085 975.721067 1277.469630 1946.500179 408.136757 1062.588461 826.206504 1982.441226 1204.995977 925.393656 739.075731 1134.843968 968.779554 824.460700 959.585691
Stimuli duration key:  2.100000 2.100000 2.100000 2.100000 3.600000 2.100000 3.600000 2.100000 2.100000 3.600000 2.100000 3.600000 2.000000 2.100000 3.600000 3.600000 2.000000 3.600000 3.600000 3.600000
Actual stimuli duration:  2.100019 2.100082 2.099967 2.100061 3.599968 2.099996 3.600048 2.100020 2.099855 3.599877 2.100049 3.600046 2.000748 2.100066 3.599943 3.599985 2.000043 3.599943 3.599924 3.600000
Event duration:  13.999727 13.999492 13.999818 13.999743 13.999626 13.999411 13.999774 13.999859 13.999679 13.999837 13.999820 13.999782 13.999911 13.999811 13.999811 13.999889 13.999855 13.999836 13.999792 13.999891
Expected total duration: 14.000000 
# Stimuli data 
Event key:  3 3 4 6 1 3 2 4 4 1 4 2 8 3 2 1 7 5 2 1
Answer key:  0 0 0 1 0 0 0 0 0 0 0 0 0 0 0 0 0 1 0 0
# Response data 
Subject responses:  0 0 0 0 0 0 0 0 0 0 0 0 0 0 0 0 0 0 0 0
Reaction time (msec):  NaN NaN NaN NaN NaN NaN NaN NaN NaN NaN NaN NaN NaN NaN NaN NaN NaN NaN NaN NaN

DATA FOR RUN ---------- 
# Timing data 
Run started 338.45 after code started 
Run duration: 304.00 
Expected run duration: 304.00 
Jitter key (msec):  1486.595951 379.573485 476.574681 2097.346569 14.853856 313.387694 471.567877 1248.880898 59.691032 1513.469703 889.635303 252.154994 875.546228 280.230090 985.246312 1400.145027 253.749207 305.013872 1253.511250 1903.949042
Actual jitter (msec):  1486.508032 379.158075 476.531091 2097.351202 14.858263 313.327589 471.497388 1248.911519 59.718888 1513.497742 889.642524 252.121143 875.568301 280.229168 985.245356 1400.211665 253.757874 305.941445 1252.302396 1903.940346
Stimuli duration key:  2.100000 3.600000 3.600000 2.100000 3.600000 2.000000 3.600000 2.100000 3.600000 2.100000 3.600000 2.100000 2.000000 3.600000 3.600000 2.100000 3.600000 2.100000 2.100000 2.100000
Actual stimuli duration:  2.099984 3.599965 3.599950 2.099992 3.600061 2.000031 3.600000 2.099995 3.600019 2.100089 3.599901 2.100045 1.999925 3.599962 3.600009 2.100200 3.600020 2.099043 2.100050 2.099989
Event duration:  13.999768 13.999409 13.999804 13.999874 13.999881 13.999844 13.999804 13.999870 13.999896 13.999887 13.999827 13.999860 13.999855 13.999834 13.999860 13.999904 13.999885 13.999779 13.998651 13.999822
Expected total duration: 14.000000 
# Stimuli data 
Event key:  4 1 1 4 2 8 1 6 2 3 1 3 7 2 5 3 2 4 3 4
Answer key:  0 0 0 0 0 0 0 1 0 0 0 0 0 0 1 0 0 0 0 0
# Response data 
Subject responses:  0 0 0 0 0 0 0 0 0 0 0 0 0 0 0 0 0 0 0 0
Reaction time (msec):  NaN NaN NaN NaN NaN NaN NaN NaN NaN NaN NaN NaN NaN NaN NaN NaN NaN NaN NaN NaN

