DATA FOR RUN ---------- 
# Timing data 
Run started  23.63 after code started 
Run duration: 304.00 
Expected run duration: 304.00 
Jitter key (msec):  1118.065090 1622.789904 139.151678 847.450631 103.055020 336.504314 1259.335318 628.575091 1707.123662 47.262079 395.367172 1025.965988 282.766968 399.796648 575.698690 165.809016 185.935977 305.582831 1554.587674 40.088616
Actual jitter (msec):  1116.766741 1622.768141 139.177958 845.537117 103.103148 336.546164 1258.868808 628.493492 1707.145123 45.595246 395.299740 1026.041411 282.734541 399.780700 575.664164 164.080523 185.925525 305.555101 1553.959673 40.039600
Stimuli duration key:  2.000000 2.100000 3.600000 2.100000 2.100000 2.100000 2.100000 2.100000 2.100000 3.600000 3.600000 2.100000 3.600000 3.600000 2.000000 3.600000 3.600000 3.600000 2.100000 3.600000
Actual stimuli duration:  2.000130 2.101624 3.600012 2.101018 2.101277 2.099950 2.099993 2.103897 2.099949 3.600005 3.600072 2.099967 3.600063 3.601022 1.999968 3.600058 3.600061 3.600028 2.100056 3.600109
Event duration:  13.998582 13.999821 13.999873 13.998006 13.999823 13.999842 13.999377 13.999835 13.999869 13.998227 13.999839 13.999876 13.999885 13.999856 13.999829 13.998176 13.999844 13.999886 13.999272 13.999861
Expected total duration: 14.000000 
Event key:  7 3 1 3 3 4 4 4 3 5 2 6 1 2 8 2 1 1 4 2
Answer key:  0 0 0 0 0 0 0 0 0 1 0 1 0 0 0 0 0 0 0 0
# Response data 
Subject responses:  0 0 0 0 0 0 0 0 0 0 0 0 0 0 0 0 0 0 0 0
Reaction time (msec):  NaN NaN NaN NaN NaN NaN NaN NaN NaN NaN NaN NaN NaN NaN NaN NaN NaN NaN NaN NaN

