DATA FOR RUN 1 ---------- 
SCAN TYPE: hybrid 
# Timing data 
Run started  21.10 after code started 
Run duration: 248.00 
Expected run duration: 248.00 
Jitter key (msec):  1083.315945 1511.106371 1366.833408 1739.479505 1524.740164 1804.520877 1816.911179 1189.471482 1123.693457 1820.996479 1637.897620 1016.119802 1895.954628 1515.375057 1544.521938 1606.442208
Actual jitter (msec):  1083.242653 1510.760018 1366.776723 1739.368944 1524.543916 1805.005665 1816.828821 1189.418797 1123.570025 1820.909101 1637.901853 1017.069872 1894.137922 1515.332088 1544.573507 1606.372153
Stimuli duration key:  1.872109 1.811156 1.756009 1.800000 1.802449 1.735692 1.776327 1.648617 1.721179 1.764717 1.800000 1.671837 1.793741 1.800000 1.683447 1.800000
Actual stimuli duration:  1.872111 1.812162 1.755944 1.799967 1.802537 1.734866 1.776323 1.648622 1.721102 1.764769 1.799970 1.670897 1.793669 1.799968 1.683427 1.799986
Event duration:  14.000212 13.999678 14.000026 13.999919 13.999887 13.999670 13.999962 14.000130 13.999891 13.999978 13.999935 14.001865 13.998193 13.999916 14.000052 13.999911
Expected total duration: 14.000000 
# Stimuli data 
Speech samples used:  2 6 12 15 19 21 28 29 Event key:  196 195 194 198 12 28 19 6 193 29 200 15 21 199 2 197
Answer key:  3 3 3 0 2 2 1 2 3 1 0 1 1 0 2 0
# Response data 
Subject responses:  0 0 0 0 0 0 0 0 0 0 0 0 0 0 0 0
Reaction time (msec):  NaN NaN NaN NaN NaN NaN NaN NaN NaN NaN NaN NaN NaN NaN NaN NaN

DATA FOR RUN 2 ---------- 
SCAN TYPE: hybrid 
# Timing data 
Run started 276.70 after code started 
Run duration: 248.00 
Expected run duration: 248.00 
Jitter key (msec):  1760.436218 1855.346872 1382.868448 1084.649189 1733.873299 1331.989333 1839.749535 1371.723308 1828.215270 1176.518629 1129.519861 1879.883582 1044.079128 1686.720018 1733.772905 1437.172437
Actual jitter (msec):  1760.351317 1855.419692 1382.841202 1084.625631 1733.857246 1331.925440 1839.600306 1371.650346 1828.135486 1176.552713 1129.411829 1879.919338 1043.963662 1686.665033 1733.663481 1437.141424
Stimuli duration key:  1.721179 1.753107 1.811156 1.637007 1.800000 1.834376 1.872109 1.800000 1.800000 1.756009 1.761814 1.800000 1.689252 1.729887 1.663129 1.724082
Actual stimuli duration:  1.721167 1.753015 1.811275 1.636975 1.799975 1.834438 1.872077 1.800029 1.800076 1.756007 1.761848 1.799984 1.689289 1.729818 1.663122 1.724155
Event duration:  13.999897 13.999992 14.000046 13.999941 13.999915 14.000085 13.999893 13.999973 13.999914 14.000120 13.999885 14.000134 13.999961 14.000013 13.999885 14.000085
Expected total duration: 14.000000 
# Stimuli data 
Speech samples used:  35 40 41 47 49 54 60 62 Event key:  193 41 195 47 200 62 196 199 198 194 54 197 35 60 40 49
Answer key:  3 1 3 1 0 2 3 0 0 3 2 0 1 2 2 1
# Response data 
Subject responses:  0 0 0 0 0 0 0 0 0 0 0 0 0 0 0 0
Reaction time (msec):  NaN NaN NaN NaN NaN NaN NaN NaN NaN NaN NaN NaN NaN NaN NaN NaN

DATA FOR RUN 3 ---------- 
SCAN TYPE:   isss 
# Timing data 
Run started 548.16 after code started 
Run duration: 248.00 
Expected run duration: 248.00 
Jitter key (msec):  1379.838917 1979.657440 1398.993423 1440.186914 1156.807888 1326.034284 1314.061929 1894.500664 1247.024179 1310.679016 1408.868908 1708.010894 1143.637595 1871.322067 1083.155897 1461.737838
Actual jitter (msec):  1379.818285 1979.896625 1399.016036 1440.156000 1156.803183 1325.997341 1313.992932 1894.517751 1246.056382 1310.647609 1408.932345 1707.972057 1143.632979 1871.249344 1083.056267 1461.695605
Stimuli duration key:  1.756009 1.741497 1.756009 1.800000 1.880816 1.872109 1.854694 1.721179 1.800000 1.866304 1.800000 1.793741 1.811156 1.800000 1.851791 1.872109
Actual stimuli duration:  1.756018 1.741282 1.756062 1.799998 1.880785 1.872097 1.854775 1.721166 1.799915 1.866267 1.799995 1.793736 1.811171 1.801102 1.851758 1.872116
Event duration:  13.999929 13.999975 14.000061 14.000018 13.999971 14.000016 13.999972 14.000991 13.999014 13.999939 14.000055 13.999932 14.000083 14.000065 13.999909 13.999971
Expected total duration: 14.000000 
# Stimuli data 
Speech samples used:  68 72 73 79 82 85 90 95 Event key:  194 73 90 198 85 196 68 193 199 72 200 79 195 197 95 82
Answer key:  3 1 2 0 1 3 2 3 0 2 0 1 3 0 1 2
# Response data 
Subject responses:  0 0 0 0 0 0 0 0 0 0 0 0 0 0 0 0
Reaction time (msec):  NaN NaN NaN NaN NaN NaN NaN NaN NaN NaN NaN NaN NaN NaN NaN NaN

DATA FOR RUN 4 ---------- 
SCAN TYPE:   isss 
# Timing data 
Run started 814.06 after code started 
Run duration: 248.00 
Expected run duration: 248.00 
Jitter key (msec):  1030.389024 1753.200533 1700.042670 1214.512246 1679.904686 1557.292681 1850.678903 1558.565492 1901.773664 1419.517704 1358.128353 1488.987517 1255.962141 1929.169269 1466.756814 1254.007851
Actual jitter (msec):  1030.375454 1753.059488 1700.019056 1214.553951 1680.143450 1557.329555 1850.676956 1558.533524 1901.788407 1419.558910 1357.949216 1488.877155 1255.879658 1929.266056 1466.704286 1253.942014
Stimuli duration key:  1.872109 1.800000 1.756009 1.668934 1.875011 1.316961 1.800000 1.642812 1.718277 1.851791 1.822766 1.811156 1.800000 1.800000 1.721179 1.811156
Actual stimuli duration:  1.872038 1.800022 1.755985 1.668935 1.874891 1.316874 1.800025 1.642834 1.718235 1.851742 1.822832 1.811076 1.799975 1.799860 1.721183 1.811964
Event duration:  14.000064 13.999891 13.999955 14.000060 13.999967 14.000011 13.999968 14.000025 13.999953 14.000167 14.000003 13.999909 14.000087 13.999877 14.000003 14.000273
Expected total duration: 14.000000 
# Stimuli data 
Speech samples used:  98 101 105 112 115 118 123 128 Event key:  196 199 194 115 123 112 200 98 105 128 101 118 197 198 193 195
Answer key:  3 0 3 1 1 2 0 2 1 2 1 2 0 0 3 3
# Response data 
Subject responses:  0 0 0 0 0 0 0 0 0 0 0 0 0 0 0 0
Reaction time (msec):  NaN NaN NaN NaN NaN NaN NaN NaN NaN NaN NaN NaN NaN NaN NaN NaN

DATA FOR RUN 5 ---------- 
SCAN TYPE:  multi 
# Timing data 
Run started 1092.80 after code started 
Run duration: 248.00 
Expected run duration: 248.00 
Jitter key (msec):  1431.218447 1702.530011 1402.329868 1181.840079 1856.251116 1584.201225 1373.578783 1221.694547 1218.994118 1522.232443 1433.422713 1741.303988 1070.449632 1847.333436 1679.880235 1136.651522
Actual jitter (msec):  1430.808472 1702.535426 1402.364567 1181.880592 1856.247361 1584.204738 1373.578366 1221.704947 1219.022722 1522.298944 1433.382266 1741.343480 1070.474094 1847.906511 1681.240592 1136.698524
Stimuli duration key:  1.869206 1.800000 1.631202 1.800000 1.790839 1.756009 1.800000 1.750204 1.721179 1.872109 1.770522 1.549932 1.834376 1.800000 1.663129 1.811156
Actual stimuli duration:  1.869218 1.800042 1.631215 1.800049 1.790841 1.756073 1.799965 1.750191 1.721128 1.872051 1.770604 1.549983 1.834375 1.799404 1.661770 1.811130
Event duration:  13.999537 14.000018 13.999994 13.999974 14.000050 14.000004 13.999978 13.999953 14.000014 14.000009 13.999952 14.000052 14.000002 13.999999 13.999959 13.999986
Expected total duration: 14.000000 
# Stimuli data 
Speech samples used:  130 133 138 144 147 152 155 157 Event key:  155 199 157 198 133 194 197 144 193 196 147 152 138 200 130 195
Answer key:  1 0 1 0 1 3 0 2 3 3 1 2 2 0 2 3
# Response data 
Subject responses:  0 0 0 0 0 0 0 0 0 0 0 0 0 0 0 0
Reaction time (msec):  NaN NaN NaN NaN NaN NaN NaN NaN NaN NaN NaN NaN NaN NaN NaN NaN

DATA FOR RUN 6 ---------- 
SCAN TYPE:  multi 
# Timing data 
Run started 1358.43 after code started 
Run duration: 248.00 
Expected run duration: 248.00 
Jitter key (msec):  1858.402189 1199.834125 1607.339922 1543.044984 1162.324692 1005.653068 1771.485147 1764.787556 1421.069352 1056.813181 1585.746995 1174.155244 1728.610661 1534.291050 1253.064288 1917.056748
Actual jitter (msec):  1858.427211 1199.768830 1607.377547 1543.103271 1162.331884 1006.706365 1771.406794 1764.775176 1421.053526 1056.806327 1585.737530 1174.114939 1728.589036 1534.302070 1253.236892 1917.047993
Stimuli duration key:  1.549932 1.800000 1.875011 1.721179 1.756009 1.800000 1.840181 1.610884 1.811156 1.800000 1.666032 1.872109 1.872109 1.532517 1.770522 1.800000
Actual stimuli duration:  1.549992 1.801263 1.874928 1.721138 1.756038 1.798955 1.840218 1.610943 1.811151 1.800035 1.665988 1.872122 1.872257 1.532527 1.771148 1.800068
Event duration:  14.000033 13.999981 13.999966 13.999979 14.000063 13.999993 13.999930 14.000024 14.000015 14.000015 13.999986 13.999987 13.999973 13.999982 14.000002 14.000030
Expected total duration: 14.000000 
# Stimuli data 
Speech samples used:  163 167 172 173 178 184 185 190 Event key:  178 197 172 193 194 200 163 190 195 198 167 196 173 184 185 199
Answer key:  2 0 2 3 3 0 1 2 3 0 1 3 1 2 1 0
# Response data 
Subject responses:  0 0 0 0 0 0 0 0 0 0 0 0 0 0 0 0
Reaction time (msec):  NaN NaN NaN NaN NaN NaN NaN NaN NaN NaN NaN NaN NaN NaN NaN NaN

