DATA FOR RUN ---------- 
# Timing data 
Run started  31.37 after code started 
Run duration: 304.00 
Expected run duration: 304.00 
Jitter key (msec):  911.067053 1609.157665 1667.919417 528.737981 576.053456 810.628105 807.686737 2273.410315 89.998815 320.941033 1176.240559 60.606367 1669.082224 1280.078222 1217.527776 829.982432 1975.145778 1578.057847 317.833054 452.207454
Actual jitter (msec):  910.986497 1609.145416 1667.878442 528.736458 576.007558 810.696493 807.684806 2273.487340 89.947036 320.937126 1176.250084 60.682859 1669.171273 1280.084628 1217.476958 830.021590 1975.169303 1578.031176 317.791665 452.191557
Stimuli duration key:  3.600000 2.100000 2.100000 2.100000 3.600000 3.600000 2.000000 2.100000 3.600000 3.600000 2.100000 3.600000 2.100000 2.100000 2.100000 3.600000 2.100000 2.000000 3.600000 3.600000
Actual stimuli duration:  3.599949 2.099979 2.100009 2.099937 3.600038 3.599997 2.000038 2.099949 3.600017 3.600035 2.100081 3.599928 2.099897 2.099960 2.100048 3.600040 2.099991 2.000077 3.599998 3.599945
Event duration:  13.999903 14.000035 13.999973 14.000008 13.999936 14.000017 13.999958 14.000097 13.999927 13.999971 13.999991 14.000029 13.999996 14.000034 13.999956 14.000016 13.999971 14.000041 14.000014 14.000009
Expected total duration: 14.000000 
# Stimuli data 
Event key:  5 4 4 3 1 2 8 3 1 2 3 2 3 4 6 1 4 7 2 1
Answer key:  1 0 0 0 0 0 0 0 0 0 0 0 0 0 1 0 0 0 0 0
# Response data 
Subject responses:  0 0 0 0 0 0 0 0 0 0 0 0 0 0 0 0 0 0 0 0
Reaction time (msec):  NaN NaN NaN NaN NaN NaN NaN NaN NaN NaN NaN NaN NaN NaN NaN NaN NaN NaN NaN NaN

DATA FOR RUN ---------- 
# Timing data 
Run started 344.28 after code started 
Run duration: 304.00 
Expected run duration: 304.00 
Jitter key (msec):  752.227970 252.681923 109.742369 269.883664 1206.665894 1945.302154 1633.939976 311.859945 291.457128 1955.821876 911.647424 1470.335139 587.351685 88.665840 1927.987851 584.718619 2180.650091 122.057858 1344.674998 285.108086
Actual jitter (msec):  751.857282 252.744299 109.704894 270.009207 1206.660807 1945.342761 1633.988945 311.844001 291.451275 1955.809238 911.648311 1470.407322 587.411098 88.672169 1928.064058 584.740744 2180.841078 122.076293 1344.614861 285.108383
Stimuli duration key:  3.600000 2.100000 3.600000 3.600000 2.100000 2.000000 2.100000 3.600000 3.600000 2.100000 3.600000 2.100000 2.100000 3.600000 2.100000 3.600000 2.100000 2.000000 2.100000 3.600000
Actual stimuli duration:  3.600054 2.099880 3.599952 3.599862 2.100034 1.999945 2.100170 3.599947 3.599927 2.100047 3.599956 2.099996 2.099924 3.600067 2.099941 3.599991 2.099866 2.000004 2.100090 3.599976
Event duration:  13.999671 14.000032 13.999928 13.999981 14.000008 14.000014 14.000043 14.000004 13.999962 14.000005 13.999939 14.000012 13.999995 14.000009 14.000023 13.999948 14.000060 13.999994 13.999993 14.000007
Expected total duration: 14.000000 
# Stimuli data 
Event key:  1 6 5 2 4 7 3 1 1 3 1 4 4 2 3 2 3 8 4 2
Answer key:  0 1 1 0 0 0 0 0 0 0 0 0 0 0 0 0 0 0 0 0
# Response data 
Subject responses:  0 0 0 0 0 0 0 0 0 0 0 0 0 0 0 0 0 0 0 0
Reaction time (msec):  NaN NaN NaN NaN NaN NaN NaN NaN NaN NaN NaN NaN NaN NaN NaN NaN NaN NaN NaN NaN

