DATA FOR RUN ---------- 
# Timing data 
Run started  33.56 after code started 
Run duration: 304.00 
Expected run duration: 304.00 
Jitter key (msec):  558.783931 2176.329353 2084.819513 903.174525 57.167038 1544.304632 837.170635 2234.449168 130.945637 450.323813 582.470302 1579.266973 1438.865505 650.040752 726.914551 859.849631 581.582083 116.118513 57.654361 979.765224
Actual jitter (msec):  558.727251 2176.323548 2084.776995 903.178504 57.192536 1544.326461 837.165203 2234.487792 130.954481 450.381914 582.383493 1579.334272 1438.868019 650.022617 726.914946 859.966508 581.574752 116.115155 57.687212 979.827665
Stimuli duration key:  2.000000 2.100000 2.100000 2.100000 2.100000 2.100000 3.600000 2.100000 2.100000 3.600000 3.600000 2.100000 2.000000 3.600000 3.600000 2.100000 3.600000 3.600000 3.600000 3.600000
Actual stimuli duration:  2.000049 2.100700 2.099967 2.100005 2.099965 2.099981 3.600018 2.099908 2.100036 3.600882 3.600009 2.099940 2.000022 3.599976 3.600028 2.099871 3.599958 3.600047 3.600009 3.599976
Event duration:  13.999972 14.000037 13.999899 14.000018 13.999972 14.000069 13.999979 13.999946 14.000045 14.000037 13.999906 14.000025 14.000042 13.999954 13.999978 14.000037 13.999983 13.999957 14.000006 14.000072
Expected total duration: 14.000000 
# Stimuli data 
Event key:  7 3 3 4 4 6 1 3 4 1 1 3 8 2 2 4 5 2 1 2
Answer key:  0 0 0 0 0 1 0 0 0 0 0 0 0 0 0 0 1 0 0 0
# Response data 
Subject responses:  0 0 0 0 0 0 0 0 0 0 0 0 0 0 0 0 0 0 0 0
Reaction time (msec):  NaN NaN NaN NaN NaN NaN NaN NaN NaN NaN NaN NaN NaN NaN NaN NaN NaN NaN NaN NaN

