DATA FOR RUN ---------- 
# Timing data 
Run started  19.06 after code started 
Run duration: 304.00 
Expected run duration: 304.00 
Jitter key (msec):  1481.931699 870.801580 1866.635054 532.825589 350.727104 2159.703593 2014.668466 550.156343 1431.692698 587.044705 207.742293 602.492661 1083.123702 460.976320 844.308793 447.957866 225.921781 392.628508 227.664298 435.698684
Actual jitter (msec):  1482.027391 870.353665 1866.480302 532.580326 350.617929 2159.179363 2014.444429 550.106378 1432.538557 586.965881 207.785992 601.991282 1083.074232 460.962573 844.016145 448.015968 226.004655 393.565611 227.614760 435.425133
Stimuli duration key:  2.100000 2.100000 2.100000 3.600000 3.600000 2.100000 2.100000 3.600000 2.100000 3.600000 3.600000 2.000000 2.100000 2.000000 3.600000 2.100000 3.600000 2.100000 3.600000 3.600000
Actual stimuli duration:  2.099929 2.100169 2.100055 3.600022 3.600014 2.099945 2.100002 3.600010 2.099202 3.600049 3.599968 1.999935 2.100028 2.000003 3.599977 2.099982 3.600050 2.099150 3.599969 3.600050
Event duration:  13.999790 13.999341 13.999706 13.999603 13.999647 13.999295 13.999666 13.999816 13.999890 13.999795 13.999898 13.999353 13.999846 13.999860 13.999526 13.999888 13.999866 13.999894 13.999822 13.999613
Expected total duration: 14.000000 
# Stimuli data 
Event key:  4 4 3 2 2 4 3 1 3 1 1 8 3 7 5 6 1 4 2 2
Answer key:  0 0 0 0 0 0 0 0 0 0 0 0 0 0 1 1 0 0 0 0
# Response data 
Subject responses:  0 0 0 0 0 0 0 0 0 0 0 0 0 0 0 0 0 0 0 0
Reaction time (msec):  NaN NaN NaN NaN NaN NaN NaN NaN NaN NaN NaN NaN NaN NaN NaN NaN NaN NaN NaN NaN

DATA FOR RUN ---------- 
# Timing data 
Run started 340.35 after code started 
Run duration: 304.00 
Expected run duration: 304.00 
Jitter key (msec):  715.535259 923.379642 430.207391 184.816320 2081.226228 979.748378 1009.400938 255.574214 593.548801 408.719846 1368.260970 262.211748 602.843089 711.215780 221.746734 270.060597 682.354508 637.556604 848.333519 1168.074055
Actual jitter (msec):  715.495504 921.744213 430.442437 184.829404 2081.191766 979.555933 1007.987648 255.646756 593.516657 408.685007 1368.275831 262.161281 602.773397 711.265089 221.746010 270.054934 682.507439 637.193522 847.923834 1167.986339
Stimuli duration key:  2.100000 3.600000 3.600000 3.600000 2.100000 3.600000 2.100000 2.100000 2.100000 3.600000 2.100000 3.600000 3.600000 3.600000 3.600000 2.100000 2.100000 2.000000 2.000000 2.100000
Actual stimuli duration:  2.100090 3.599977 3.599729 3.599993 2.100014 3.599924 2.100049 2.099918 2.100053 3.599982 2.099907 3.599955 3.599962 3.599940 3.599950 2.100037 2.099807 2.000075 2.000054 2.099983
Event duration:  13.999773 13.998195 13.999716 13.999859 13.999838 13.999607 13.998438 13.999853 13.999842 13.999823 13.999821 13.999821 13.999725 13.999842 13.999865 13.999891 13.999822 13.999554 13.999509 13.999810
Expected total duration: 14.000000 
# Stimuli data 
Event key:  3 2 1 1 4 2 4 4 4 5 6 1 2 2 1 3 3 8 7 3
Answer key:  0 0 0 0 0 0 0 0 0 1 1 0 0 0 0 0 0 0 0 0
# Response data 
Subject responses:  0 0 0 0 0 0 0 0 0 0 0 0 0 0 0 0 0 0 0 0
Reaction time (msec):  NaN NaN NaN NaN NaN NaN NaN NaN NaN NaN NaN NaN NaN NaN NaN NaN NaN NaN NaN NaN

