DATA FOR RUN 2 ---------- 
SCAN TYPE: hybrid 
# Timing data 
Run started  23.95 after code started 
Run duration: 248.00 
Expected run duration: 248.00 
Jitter key (msec):  1162.898900 1838.405770 1167.560930 1502.200615 1999.329479 1355.407151 1047.077710 1213.660585 1397.839124 1333.668180 1229.602532 1936.120178 1683.188785 1962.113796 1437.973178 1940.336654
Actual jitter (msec):  1162.821107 1838.270582 1167.576675 1502.158676 1999.210827 1353.941437 1047.095010 1213.626512 1397.761701 1333.690814 1230.115733 1936.216872 1683.161875 1962.094683 1437.937654 1940.272451
Stimuli duration key:  1.753107 1.819864 1.811156 1.834376 1.872109 1.800000 1.741497 1.721179 1.800000 1.700862 1.726984 1.800000 1.756009 1.866304 1.663129 1.800000
Actual stimuli duration:  1.753039 1.819858 1.811079 1.834378 1.872077 1.800001 1.741459 1.721238 1.800118 1.700822 1.726496 1.799905 1.755985 1.866273 1.663082 1.800140
Event duration:  13.999967 13.999826 13.999906 13.999968 14.001126 13.998476 14.000002 14.000033 13.999944 14.000032 13.999911 14.000043 13.999974 14.000038 13.999964 13.999979
Expected total duration: 14.000000 
# Stimuli data 
Speech samples used:  34 40 44 45 51 55 57 62 Event key:  34 55 195 62 196 198 45 193 197 57 51 199 194 44 40 200
Answer key:  2 1 3 2 3 0 1 3 0 1 1 0 3 2 2 0
# Response data 
Subject responses:  0 0 0 0 0 0 0 0 0 0 0 0 0 0 0 0
Reaction time (msec):  NaN NaN NaN NaN NaN NaN NaN NaN NaN NaN NaN NaN NaN NaN NaN NaN

DATA FOR RUN 3 ---------- 
SCAN TYPE: hybrid 
# Timing data 
Run started 329.85 after code started 
Run duration: 248.00 
Expected run duration: 248.00 
Jitter key (msec):  1005.834325 1610.307030 1801.075757 1232.981533 1932.468676 1763.262775 1826.449540 1573.463589 1792.581664 1329.041196 1223.461976 1312.386342 1584.523479 1829.914141 1290.462492 1402.554392
Actual jitter (msec):  1005.817102 1610.244875 1800.626719 1233.014499 1933.521815 1763.219607 1826.394815 1573.475838 1792.599933 1328.714855 1223.454922 1312.436080 1584.582964 1829.943847 1290.396024 1402.610943
Stimuli duration key:  1.840181 1.866304 1.825669 1.721179 1.800000 1.872109 1.756009 1.800000 1.819864 1.741497 1.800000 1.851791 1.800000 1.793741 1.709569 1.811156
Actual stimuli duration:  1.840192 1.866416 1.825696 1.721176 1.798947 1.872169 1.755993 1.800026 1.821508 1.741433 1.799950 1.851772 1.800009 1.793726 1.709596 1.811100
Event duration:  13.999996 14.000354 13.999536 14.000030 13.999935 14.000062 13.999923 13.999955 14.000360 13.999676 13.999938 13.999995 14.000020 14.000038 13.999956 14.000043
Expected total duration: 14.000000 
# Stimuli data 
Speech samples used:  66 72 73 80 81 86 91 95 Event key:  66 72 80 193 199 196 194 200 91 73 198 95 197 86 81 195
Answer key:  2 2 2 3 0 3 3 0 1 1 0 1 0 2 1 3
# Response data 
Subject responses:  0 0 0 0 0 0 0 0 0 0 0 0 0 0 0 0
Reaction time (msec):  NaN NaN NaN NaN NaN NaN NaN NaN NaN NaN NaN NaN NaN NaN NaN NaN

