DATA FOR RUN ---------- 
# Timing data 
Run started  22.16 after code started 
Run duration: 248.00 
Expected run duration: 248.00 
Jitter key (msec):  1351.659507 1830.828628 1585.264091 1549.723608 1917.193664 1285.839019 1757.200229 1753.729094 1380.445847 1567.821641 1075.854290 1053.950119 1530.797553 1779.167230 1934.010684 1129.906208
Actual jitter (msec):  1351.728450 1830.635708 1585.194467 1549.642530 1918.099530 1285.475426 1757.144745 1753.735260 1380.510178 1567.989526 1075.864899 1054.030783 1530.823955 1779.309287 1933.880109 1129.846599
Stimuli duration key:  1.800000 1.848889 1.811156 1.753107 1.721179 1.866304 1.800000 1.700862 1.800000 1.776327 1.529615 1.724082 1.814059 1.872109 1.756009 1.800000
Actual stimuli duration:  1.799877 1.849072 1.811184 1.753371 1.720324 1.866742 1.799938 1.700819 1.799999 1.776191 1.529629 1.723897 1.814105 1.872102 1.755973 1.800048
Event duration:  13.999695 4.210461 4.640490 4.080296 13.999697 13.999422 13.999770 13.999822 13.999859 13.999890 13.999834 13.999767 13.999868 13.999856 13.999677 13.999816
Expected total duration: 14.000000 
# Stimuli data 
Speech samples used:  34 39 44 46 49 56 57 63 Event key:  199 63 195 34 193 44 200 57 197 39 46 49 56 196 194 198
Answer key:  0 1 0 2 0 2 0 1 0 1 2 1 2 0 0 0
# Response data 
Subject responses:  0 2 2 1 0 0 0 0 0 0 0 0 0 0 0 0
Reaction time (msec):  NaN 528.204284 1243.552358 776.868304 NaN NaN NaN NaN NaN NaN NaN NaN NaN NaN NaN NaN

