DATA FOR RUN ---------- 
# Timing data 
Run started  39.20 after code started 
Run duration: 248.00 
Expected run duration: 248.00 
Jitter key (msec):  1814.723686 1905.791937 1126.986816 1913.375856 1632.359246 1097.540405 1278.498219 1546.881519 1957.506835 1964.888535 1157.613082 1970.592782 1957.166948 1485.375649 1800.280469 1141.886339
Actual jitter (msec):  1814.495831 1905.433619 1126.784863 1913.343637 1631.970951 1096.582944 1277.849637 1546.758198 1957.543117 1965.011071 1157.611384 1970.600728 1957.156551 1485.316564 1800.288786 1142.001151
Stimuli duration key:  1.863401 1.800000 1.756009 1.811156 1.793741 1.721179 1.800000 1.854694 1.680544 1.605079 1.800000 1.735692 1.671837 1.645714 1.872109 1.800000
Actual stimuli duration:  1.863838 1.800033 1.756090 1.811136 1.793665 1.721270 1.800034 1.854973 1.680447 1.605424 1.800001 1.735626 1.671732 1.646168 1.872123 1.799910
Event duration:  4.672308 13.999346 3.213244 6.093202 13.999331 3.245672 13.999183 13.999756 13.999805 13.999871 13.999863 13.999783 13.999742 13.999824 13.999854 13.999853
Expected total duration: 14.000000 
# Stimuli data 
Speech samples used:  3 5 11 14 20 21 28 30 Event key:  30 200 194 195 21 193 198 14 20 3 197 28 11 5 196 199
Answer key:  2 0 0 0 1 0 0 2 2 1 0 2 1 1 0 0
# Response data 
Subject responses:  2 0 1 1 0 2 0 0 0 0 0 0 0 0 0 0
Reaction time (msec):  989.929699 NaN 329.606254 2368.030974 NaN 425.726601 NaN NaN NaN NaN NaN NaN NaN NaN NaN NaN

