DATA FOR RUN ---------- 
# Timing data 
Run started  28.65 after code started 
Run duration: 473.83 
Expected run duration: 472.00 
Jitter key (msec):  1109.861706 1109.742369 1269.883664 1524.637345 1972.651077 1710.408685 1311.859945 1291.457128 1850.357337 1911.647424 1639.276147 1255.370298 1088.665840 1838.255588 1584.718619 1948.108735 1061.028929 1584.641303 1285.108086 1827.732173 1190.986441 1442.529962 1393.411506 1826.573979 1676.871093 1207.603034 1318.104726 1133.810985 1671.462889 1570.991075 1169.767066 1147.655777
Presentation durations:  2.846798 2.915400 2.854979 3.326207 3.795787 3.574147 2.975318 2.992502 3.522393 3.502403 3.441920 3.002876 2.969685 3.639819 3.285780 3.748308 2.861227 3.233468 3.105170 3.642340 2.894940 3.314837 3.193989 3.478286 3.314067 2.923169 3.123051 3.009015 3.475768 3.446197 2.970692 2.877738
Approximated EPI durations:  10.000002 10.000002 10.000002 10.000003 10.000002 10.000003 10.000003 10.000003 10.000003 10.000002 10.000003 10.000002 10.000002 10.000003 10.000002 10.000003 10.000004 10.000003 10.000003 10.000003 10.000003 10.000003 10.000003 10.000002 10.000002 10.000004 10.000002 10.000002 10.000003 10.000002 10.000003 10.000003
Total durations:  14.000002 14.000002 14.000002 14.000003 14.000002 14.000003 14.000003 14.000003 14.000003 14.000002 14.000003 14.000002 14.000002 14.000003 14.000002 14.000003 14.000004 14.000003 14.000003 14.000003 14.000003 14.000003 14.000003 14.000002 14.000002 14.000004 14.000002 14.000002 14.000003 14.000002 14.000003 14.000003
Expected total duration: 14.000000 
# Stimuli data 
Speech samples used:  1 6 12 15 18 22 25 31 33 40 43 47 50 56 57 64
Event key:  72 66 1 76 31 69 40 18 15 65 12 50 70 77 57 78 75 6 67 56 71 22 74 33 47 64 80 68 73 43 79 25
Answer key:  0 0 2 0 2 0 1 1 2 0 1 1 0 0 2 0 0 1 0 1 0 1 0 2 2 1 0 0 0 2 0 2
# Response data 
Subject responses:  2 1 2 NaN 2 NaN 1 1 1 2 1 1 1 NaN 1 NaN NaN 1 1 2 2 1 NaN 1 NaN 1 NaN 2 NaN 2 NaN 2
Reaction time (msec):  398.829469 361.124712 955.455504 NaN 1019.967820 NaN 276.100013 997.515767 601.277495 749.541852 128.659227 941.265586 608.103573 NaN 1261.761176 NaN NaN 895.062136 -243.833738 1726.616130 376.940062 605.368054 NaN 2080.678627 NaN 1864.183467 NaN 277.101025 NaN 266.607503 NaN 1616.211917

