DATA FOR RUN ---------- 
# Timing data 
Run started  36.55 after code started 
Run duration: 473.85 
Expected run duration: 472.00 
Jitter key (msec):  1779.657440 1198.993423 1240.186914 956.807888 1126.034284 1114.061929 1694.500664 1047.024179 1110.679016 1208.868908 1508.010894 943.637595 1671.322067 883.155897 1261.737838 830.389024 1553.200533 1500.042670 1014.512246 1479.904686 1357.292681 1650.678903 1358.565492 1701.773664 1219.517704 1158.128353 1288.987517 1055.962141 1729.169269 1266.756814 1054.007851 1231.218447
Presentation durations:  3.482601 2.890087 3.046950 2.812542 2.995397 2.934650 3.300379 2.861392 2.911489 3.011025 3.331074 2.679689 3.378033 2.684194 2.991314 2.588903 3.353522 3.134597 2.727317 3.285373 3.158683 3.514277 3.160738 3.443462 3.094776 2.873768 3.019133 2.930721 3.610210 3.071824 2.644886 2.932443
Approximated EPI durations:  10.000003 10.000003 10.000003 10.000002 10.000003 10.000002 10.000003 10.000002 10.000002 10.000002 10.000004 10.000002 10.000004 10.000003 10.000003 10.000002 10.000003 10.000002 10.000002 10.000003 10.000002 10.000002 10.000002 10.000003 10.000003 10.000003 10.000002 10.000002 10.000003 10.000003 10.000005 10.000003
Total durations:  14.000003 14.000003 14.000003 14.000002 14.000003 14.000002 14.000003 14.000002 14.000002 14.000002 14.000004 14.000002 14.000004 14.000003 14.000003 14.000002 14.000003 14.000002 14.000002 14.000003 14.000002 14.000002 14.000002 14.000003 14.000003 14.000003 14.000002 14.000002 14.000003 14.000003 14.000005 14.000003
Expected total duration: 14.000000 
# Stimuli data 
Speech samples used:  3 8 9 14 18 22 25 31 35 38 44 45 51 56 57 64
Event key:  18 35 66 14 44 67 3 56 77 79 31 72 71 76 51 9 80 38 8 73 75 69 78 45 68 64 25 22 70 74 65 57
Answer key:  1 2 0 1 1 0 2 1 0 0 2 0 0 0 2 2 0 1 1 0 0 0 0 2 0 1 2 1 0 0 0 2
# Response data 
Subject responses:  1 1 2 1 1 1 1 NaN NaN NaN NaN 1 1 NaN 2 NaN NaN 1 NaN NaN NaN 1 NaN 2 2 1 NaN 2 1 NaN 1 2
Reaction time (msec):  475.492139 1929.415531 77.051765 45.989254 94.945673 813.738795 1642.153237 NaN NaN NaN NaN 1717.889542 263.608418 NaN 1069.496181 NaN NaN 2086.314483 NaN NaN NaN -160.725650 NaN 310.684452 347.635424 1313.088265 NaN 1915.803816 271.018410 NaN 597.265861 393.627380

