DATA FOR RUN ---------- 
# Timing data 
Run started  61.45 after code started 
Run duration: 473.87 
Expected run duration: 472.00 
Jitter key (msec):  1240.478397 1763.897944 1759.327383 1740.648065 1743.688341 1105.920417 1681.560430 1463.260579 1212.163205 1098.518738 1823.574474 1175.009737 1163.569910 1665.987216 1894.389375 1516.558208 1702.702307 1153.590377 1953.457070 1540.884081 1679.733898 1036.563018 1809.203851 1748.618872 1120.187018 1525.045165 1325.833629 1546.449440 1398.880752 1415.093387 1180.737760 1255.386740
Presentation durations:  2.949139 3.513002 3.641534 3.541657 3.547655 2.911586 3.458177 3.202162 3.012690 2.962230 3.547957 2.887789 2.899591 3.242385 3.662342 3.317063 3.577987 2.854776 3.618145 3.125960 3.502194 2.839246 3.612442 3.623837 2.914130 3.197078 3.126522 3.311363 3.160895 3.290354 2.982428 2.846232
Approximated EPI durations:  10.000003 10.000003 10.000003 10.000002 10.000002 10.000002 10.000003 10.000002 10.000003 10.000003 10.000003 10.000004 10.000002 10.000002 10.000002 10.000003 10.000003 10.000003 10.000003 10.000003 10.000003 10.000004 10.000002 10.000003 10.000002 10.000004 10.000002 10.000003 10.000003 10.000004 10.000004 10.000002
Total durations:  14.000003 14.000003 14.000003 14.000002 14.000002 14.000002 14.000003 14.000002 14.000003 14.000003 14.000003 14.000004 14.000002 14.000002 14.000002 14.000003 14.000003 14.000003 14.000003 14.000003 14.000003 14.000004 14.000002 14.000003 14.000002 14.000004 14.000002 14.000003 14.000003 14.000004 14.000004 14.000002
Expected total duration: 14.000000 
# Stimuli data 
Speech samples used:  1 8 10 15 19 23 26 29 36 40 43 48 50 54 57 61
Event key:  71 50 70 79 73 66 19 61 75 69 10 8 72 48 36 78 68 57 40 1 67 74 77 26 23 15 76 29 54 43 80 65
Answer key:  0 1 0 0 0 0 2 2 0 0 1 1 0 1 1 0 0 2 1 2 0 0 0 1 2 2 0 2 1 2 0 0
# Response data 
Subject responses:  1 2 1 NaN NaN 2 2 1 NaN 2 1 1 2 1 1 NaN 1 NaN 1 1 2 NaN NaN 1 NaN 1 NaN 2 1 1 NaN 2
Reaction time (msec):  795.226976 2694.219175 767.702905 NaN NaN 519.995793 2120.642620 2671.590401 NaN 573.576667 919.373557 1974.466191 597.071331 829.039745 518.893560 NaN 265.796734 NaN 646.538065 862.721120 270.046322 NaN NaN 274.478089 NaN 383.663847 NaN 1514.447752 602.971466 2764.787954 NaN 428.535608

