DATA FOR RUN ---------- 
# Timing data 
Run started  20.34 after code started 
Run duration: 304.00 
Expected run duration: 304.00 
Jitter key (msec):  1698.872672 1347.770182 567.489410 666.416217 192.010471 625.959785 1321.889116 729.751855 2048.729868 982.303223 1768.766896 581.446488 1856.626125 580.090366 39.060758 120.859571 1984.234653 484.296511 844.855675 481.631693
Actual jitter (msec):  1698.615965 1347.417818 567.508739 666.360301 191.887306 625.894997 1321.839003 729.747539 2048.836628 982.249392 1769.077845 581.537725 1856.709362 580.127801 39.060833 120.837716 1984.198905 484.327065 844.800877 481.595117
Stimuli duration key:  1.700000 1.700000 1.700000 3.000000 1.700000 3.000000 2.000000 3.000000 1.700000 3.000000 1.700000 3.000000 2.000000 3.000000 1.700000 3.000000 1.700000 3.000000 3.000000 1.700000
Actual stimuli duration:  1.702852 1.701236 1.700025 3.000022 1.699985 3.000021 2.000029 3.000048 1.699973 3.000093 1.703891 2.999972 1.999953 2.999985 1.699991 3.000052 1.699961 3.000019 3.000079 1.703398
Event duration:  13.999599 13.999430 13.999889 13.999774 13.999764 13.999816 13.999834 13.999859 13.999900 13.999849 13.999876 13.999880 13.999851 13.999867 13.999878 13.999827 13.999816 13.999884 13.999809 13.999849
Expected total duration: 14.000000 
Event key:  3 4 4 5 4 1 7 2 3 1 4 2 8 1 3 2 6 1 2 3
Answer key:  0 0 0 1 0 0 0 0 0 0 0 0 0 0 0 0 1 0 0 0
# Response data 
Subject responses:  0 0 0 0 0 0 0 0 0 0 0 0 0 0 0 0 0 0 0 0
Reaction time (msec):  NaN NaN NaN NaN NaN NaN NaN NaN NaN NaN NaN NaN NaN NaN NaN NaN NaN NaN NaN NaN

