DATA FOR RUN ---------- 
# Timing data 
Run started  19.71 after code started 
Run duration: 304.00 
Expected run duration: 304.00 
Jitter key (msec):  1183.173950 2033.846353 1352.459927 355.930402 199.862823 406.954837 748.705718 1898.842776 1816.914969 318.524245 534.064127 89.950679 256.923212 136.292549 678.652305 1138.907144 379.420812 495.005825 339.498911 109.948294
Actual jitter (msec):  1183.081295 2034.888484 1352.485845 355.865493 199.783844 406.541599 748.682868 1898.853743 1816.882454 318.417010 534.127703 89.904719 256.949771 136.340466 678.660165 1138.898540 379.395025 494.958118 339.461290 109.907997
Stimuli duration key:  1.700000 1.700000 1.700000 1.700000 3.000000 3.000000 3.000000 1.700000 1.700000 3.000000 3.000000 3.000000 1.700000 3.000000 3.000000 1.700000 2.000000 3.000000 1.700000 2.000000
Actual stimuli duration:  1.700235 1.703709 1.699932 1.702764 3.000209 3.000018 2.999985 1.703824 1.700041 3.000069 3.000008 3.000094 1.700068 3.000035 3.000057 1.703679 2.000084 3.000003 1.702992 2.000000
Event duration:  13.999781 13.999633 13.999756 13.999793 13.999612 13.999419 13.999780 13.999875 13.999821 13.999765 13.999883 13.999855 13.999852 13.999860 13.999854 13.999834 13.999841 13.999801 13.999805 13.999759
Expected total duration: 14.000000 
Event key:  6 3 4 3 1 2 1 4 4 2 5 2 3 2 1 4 7 1 3 8
Answer key:  1 0 0 0 0 0 0 0 0 0 1 0 0 0 0 0 0 0 0 0
# Response data 
Subject responses:  0 0 0 0 0 0 0 0 0 0 0 0 0 0 0 0 0 0 0 0
Reaction time (msec):  NaN NaN NaN NaN NaN NaN NaN NaN NaN NaN NaN NaN NaN NaN NaN NaN NaN NaN NaN NaN

