DATA FOR RUN 1 ---------- 
SCAN TYPE:  multi 
# Timing data 
Run started  18.10 after code started 
Run duration: 248.00 
Expected run duration: 248.00 
Jitter key (msec):  1692.531986 1556.669835 1396.520793 1061.590667 1780.175531 1337.583864 1607.865907 1741.254050 1104.813242 1127.888380 1549.540107 1485.229409 1890.475679 1798.960279 1734.341084 1051.331886
Actual jitter (msec):  1692.465847 1556.449843 1396.533162 1061.542568 1780.021891 1337.096335 1607.735744 1741.162559 1104.204361 1127.872457 1549.443538 1485.198858 1890.519416 1799.031628 1734.276233 1051.334663
Stimuli duration key:  1.764717 1.735692 1.800000 1.721179 1.756009 1.645714 1.605079 1.776327 1.866304 1.800000 1.724082 1.811156 1.854694 1.800000 1.800000 1.872109
Actual stimuli duration:  1.764721 1.735813 1.799876 1.721223 1.755965 1.645744 1.605131 1.776410 1.866250 1.799979 1.724056 1.811214 1.854669 1.799982 1.800032 1.872085
Event duration:  13.999759 13.999638 13.999750 13.999792 13.999587 13.999371 13.999763 13.999799 13.999198 13.999817 13.999745 13.999853 13.999861 13.999840 13.999824 13.999807
Expected total duration: 14.000000 
# Stimuli data 
Speech samples used:  3 5 10 14 19 24 28 29 Event key:  29 28 199 193 194 5 3 19 24 198 10 195 14 200 197 196
Answer key:  1 2 0 3 3 1 1 1 2 0 2 3 2 0 0 3
# Response data 
Subject responses:  0 0 0 0 0 0 0 0 0 0 0 0 0 0 0 0
Reaction time (msec):  NaN NaN NaN NaN NaN NaN NaN NaN NaN NaN NaN NaN NaN NaN NaN NaN

DATA FOR RUN 2 ---------- 
SCAN TYPE:   isss 
# Timing data 
Run started 311.96 after code started 
Run duration: 248.00 
Expected run duration: 248.00 
Jitter key (msec):  1072.885299 1088.527460 1798.350864 1943.008140 1683.715572 1132.082956 1722.724540 1110.353481 1117.492852 1640.717923 1328.814215 1653.812023 1749.131463 1583.185731 1740.032328 1234.826915
Actual jitter (msec):  1073.129278 1088.098199 1797.723721 1943.033666 1683.581890 1132.015288 1722.667709 1110.300232 1117.462768 1640.609882 1328.832167 1653.909352 1749.178106 1583.407759 1740.084024 1234.751982
Stimuli duration key:  1.848889 1.741497 1.800000 1.811156 1.756009 1.726984 1.814059 1.800000 1.872109 1.724082 1.800000 1.634104 1.872109 1.767619 1.721179 1.800000
Actual stimuli duration:  1.848594 1.741503 1.799942 1.811163 1.756117 1.727013 1.814083 1.799966 1.872087 1.724162 1.799986 1.634018 1.872126 1.768118 1.721147 1.799979
Event duration:  13.999768 13.999403 13.999167 13.999850 13.999781 13.999790 13.999786 13.999822 13.999805 13.999773 13.999871 13.999881 13.999877 13.999891 13.999882 13.999807
Expected total duration: 14.000000 
# Stimuli data 
Speech samples used:  36 38 42 45 49 56 59 63 Event key:  63 45 200 195 194 59 56 198 196 49 199 38 42 36 193 197
Answer key:  1 1 0 3 3 1 2 0 3 1 0 2 2 2 3 0
# Response data 
Subject responses:  0 0 0 0 0 0 0 0 0 0 0 0 0 0 0 0
Reaction time (msec):  NaN NaN NaN NaN NaN NaN NaN NaN NaN NaN NaN NaN NaN NaN NaN NaN

DATA FOR RUN 3 ---------- 
SCAN TYPE: hybrid 
# Timing data 
Run started 570.15 after code started 
Run duration: 248.00 
Expected run duration: 248.00 
Jitter key (msec):  1734.957542 1970.598525 1866.930292 1086.234530 1366.436616 1369.198804 1685.028473 1597.941635 1789.363944 1367.652918 1206.027860 1086.666547 1771.933917 1205.674521 1388.271631 1551.778532
Actual jitter (msec):  1734.918157 1970.679060 1867.464693 1086.157991 1366.423371 1369.117141 1684.927974 1598.069994 1789.413677 1367.625414 1205.983141 1086.647855 1771.873532 1205.739011 1388.204191 1552.053579
Stimuli duration key:  1.800000 1.793741 1.756009 1.800000 1.800000 1.721179 1.811156 1.872109 1.857596 1.866304 1.756009 1.741497 1.873560 1.834376 1.800000 1.851791
Actual stimuli duration:  1.800029 1.793655 1.755425 1.799976 1.800073 1.721199 1.811203 1.872059 1.857574 1.866284 1.756019 1.741514 1.873554 1.834310 1.799938 1.851504
Event duration:  13.999817 13.999872 13.999857 13.999793 13.999856 13.999823 13.999777 13.999902 13.999885 13.999834 13.999800 13.999813 13.999837 13.999877 13.999754 13.999900
Expected total duration: 14.000000 
# Stimuli data 
Speech samples used:  65 72 73 79 83 88 90 94 Event key:  199 79 90 197 198 193 195 196 94 72 194 73 88 83 200 65
Answer key:  0 1 2 0 0 3 3 3 2 2 3 1 2 1 0 1
# Response data 
Subject responses:  0 0 0 0 0 0 0 0 0 0 0 0 0 0 0 0
Reaction time (msec):  NaN NaN NaN NaN NaN NaN NaN NaN NaN NaN NaN NaN NaN NaN NaN NaN

DATA FOR RUN 4 ---------- 
SCAN TYPE:  multi 
# Timing data 
Run started 862.73 after code started 
Run duration: 248.00 
Expected run duration: 248.00 
Jitter key (msec):  1228.953252 1641.940620 1484.480372 1151.845525 1781.931967 1100.606322 1294.066334 1237.373020 1530.872257 1091.498731 1405.315420 1104.846247 1112.283962 1784.427891 1291.570318 1603.533439
Actual jitter (msec):  1228.977875 1641.952116 1484.442408 1151.052293 1782.289958 1100.601118 1294.069470 1237.126876 1530.976276 1091.507677 1405.322162 1104.782445 1112.334114 1784.377093 1291.575559 1603.456893
Stimuli duration key:  1.811156 1.692154 1.756009 1.758912 1.800000 1.866304 1.660227 1.800000 1.637007 1.800000 1.800000 1.721179 1.872109 1.660227 1.576054 1.822766
Actual stimuli duration:  1.811154 1.692168 1.756109 1.759027 1.799672 1.866773 1.660282 1.799932 1.636934 1.800055 1.799966 1.721160 1.872015 1.660373 1.576075 1.822845
Event duration:  13.999799 13.999863 13.999813 13.999067 13.999907 13.999832 13.999857 13.999565 13.999895 13.999812 13.999863 13.999795 13.999846 13.999825 13.999845 13.999809
Expected total duration: 14.000000 
# Stimuli data 
Speech samples used:  99 101 106 110 116 119 124 125 Event key:  195 106 194 125 200 124 119 199 99 197 198 193 196 116 110 101
Answer key:  3 2 3 1 0 2 1 0 1 0 0 3 3 2 2 1
# Response data 
Subject responses:  0 0 0 0 0 0 0 0 0 0 0 0 0 0 0 0
Reaction time (msec):  NaN NaN NaN NaN NaN NaN NaN NaN NaN NaN NaN NaN NaN NaN NaN NaN

DATA FOR RUN 5 ---------- 
SCAN TYPE:   isss 
# Timing data 
Run started 1114.78 after code started 
Run duration: 248.00 
Expected run duration: 248.00 
Jitter key (msec):  1964.422667 1432.484994 1694.752195 1758.099275 1432.642326 1655.498040 1109.755051 1933.759848 1187.460806 1266.178839 1797.830260 1487.603775 1768.958264 1396.006745 1272.938794 1037.234634
Actual jitter (msec):  1963.952493 1432.470634 1694.863197 1758.085803 1432.582594 1655.426743 1109.699691 1933.105821 1187.512672 1265.481882 1797.816432 1487.219908 1768.916384 1396.059338 1272.841391 1037.213620
Stimuli duration key:  1.811156 1.800000 1.805351 1.800000 1.663129 1.756009 1.869206 1.800000 1.676689 1.712472 1.631202 1.857596 1.587664 1.872109 1.721179 1.800000
Actual stimuli duration:  1.811192 1.800111 1.805290 1.800045 1.663113 1.756004 1.869093 1.799962 1.676693 1.712479 1.631281 1.857532 1.587747 1.872064 1.721198 1.799942
Event duration:  13.999422 13.999869 13.999884 13.999834 13.999820 13.999730 13.999688 13.999170 13.999886 13.999177 13.999845 13.999430 13.999847 13.999880 13.999811 13.999818
Expected total duration: 14.000000 
# Stimuli data 
Speech samples used:  130 135 140 142 145 149 155 160 Event key:  195 200 140 198 130 194 155 197 160 145 142 135 149 196 193 199
Answer key:  3 0 2 0 2 3 1 0 2 1 2 1 1 3 3 0
# Response data 
Subject responses:  0 0 0 0 0 0 0 0 0 0 0 0 0 0 0 0
Reaction time (msec):  NaN NaN NaN NaN NaN NaN NaN NaN NaN NaN NaN NaN NaN NaN NaN NaN

DATA FOR RUN 6 ---------- 
SCAN TYPE: hybrid 
# Timing data 
Run started 1397.56 after code started 
Run duration: 248.00 
Expected run duration: 248.00 
Jitter key (msec):  1673.294914 1429.564459 1451.739235 1609.857169 1059.403297 1315.811438 1772.722131 1696.432989 1125.332181 1130.151450 1092.352339 1007.820294 1423.109385 1655.573175 1722.922525 1531.209294
Actual jitter (msec):  1673.235720 1429.534337 1451.745994 1609.887039 1059.312676 1315.917338 1772.760228 1696.384759 1125.415759 1130.046208 1092.234935 1007.760831 1423.023991 1655.572066 1722.931087 1531.191534
Stimuli duration key:  1.549932 1.799546 1.800000 1.770522 1.800000 1.721179 1.793741 1.683447 1.872109 1.628299 1.741497 1.610884 1.811156 1.756009 1.800000 1.800000
Actual stimuli duration:  1.549899 1.799545 1.799986 1.770443 1.800114 1.721057 1.793733 1.683470 1.872097 1.628247 1.741532 1.610918 1.811177 1.755939 1.799991 1.800074
Event duration:  13.999810 13.999828 13.999829 13.999855 13.999822 13.999877 13.999888 13.999837 13.999901 13.999737 13.999757 13.999836 13.999790 13.999798 13.999843 13.999889
Expected total duration: 14.000000 
# Stimuli data 
Speech samples used:  161 168 171 176 178 183 185 190 Event key:  178 176 197 185 199 193 171 183 196 168 161 190 195 194 200 198
Answer key:  2 2 0 1 0 3 1 1 3 2 1 2 3 3 0 0
# Response data 
Subject responses:  0 0 0 0 0 0 0 0 0 0 0 0 0 0 0 0
Reaction time (msec):  NaN NaN NaN NaN NaN NaN NaN NaN NaN NaN NaN NaN NaN NaN NaN NaN

