DATA FOR RUN ---------- 
# Timing data 
Run started 440.71 after code started 
Run duration: -115.93 
Expected run duration: 304.00 
Jitter key (msec):  480.577350 905.153559 1350.782355 468.468200 1824.264948 104.011575 1714.755970 736.267456 1292.281278 184.194098 597.211350 689.855077 308.482746 212.601533 2058.365854 164.341469 242.486559 123.635102 1015.960731 13.283200
Actual jitter (msec):  480.521547 904.603444 1350.709357 468.392025 1823.874274 103.091312 1714.710502 736.195250 1292.271432 184.186838 597.211974 689.773283 307.586196 212.754252 2058.364783 164.256375 242.516653 123.685514 1015.867506 13.308790
Stimuli duration key:  2.100000 3.600000 2.000000 3.600000 2.000000 3.600000 2.100000 3.600000 2.100000 3.600000 3.600000 2.100000 2.100000 3.600000 2.100000 2.100000 3.600000 2.100000 2.100000 3.600000
Actual stimuli duration:  2.099992 3.599970 1.999960 3.600045 1.999965 3.600008 2.099994 3.600108 2.099998 3.602829 3.600050 2.099963 2.099990 3.599941 2.101112 2.099956 3.599935 2.099943 2.100010 3.599941
Event duration:  13.999731 13.999074 13.999707 13.999776 13.999315 13.998901 13.999777 13.999805 13.999839 13.999885 13.999881 13.999764 13.998917 13.999885 13.999827 13.999768 13.999802 13.999872 13.999781 13.999836
Expected total duration: 14.000000 
# Stimuli data 
Event key:  4 2 7 2 8 1 3 2 3 5 1 6 3 1 4 3 1 4 4 2
Answer key:  0 0 0 0 0 0 0 0 0 1 0 1 0 0 0 0 0 0 0 0
# Response data 
Subject responses:  NaN NaN NaN NaN NaN NaN NaN NaN NaN NaN NaN NaN NaN NaN NaN NaN NaN NaN NaN NaN
Reaction time (msec):  NaN NaN NaN NaN NaN NaN NaN NaN NaN NaN NaN NaN NaN NaN NaN NaN NaN NaN NaN NaN

DATA FOR RUN ---------- 
# Timing data 
Run started -103440.48 after code started 
Run duration: 304.00 
Expected run duration: 304.00 
Jitter key (msec):  897.191351 452.313840 93.370517 614.733799 1048.932634 233.839605 995.389728 664.185667 683.897677 142.704009 685.961135 106.607909 505.428142 761.425887 631.069999 206.750797 185.983573 777.240537 905.134744 533.771952
Actual jitter (msec):  896.978302 451.683697 93.338612 614.776202 1048.948283 233.888363 995.588973 664.222690 683.915118 142.725431 686.201474 106.638098 505.468069 761.394244 630.879819 206.833210 185.948682 777.281640 905.079193 533.789107
Stimuli duration key:  3.600000 2.100000 3.600000 2.000000 2.100000 2.100000 3.600000 2.000000 2.100000 2.100000 2.100000 2.100000 3.600000 3.600000 3.600000 2.100000 2.100000 3.600000 3.600000 3.600000
Actual stimuli duration:  3.600004 2.100055 3.600033 1.999964 2.100014 2.099929 3.599906 1.999987 2.100036 2.100134 2.099804 2.099960 3.599964 3.599998 3.599985 2.099921 2.099991 3.599965 3.599950 3.599946
Event duration:  13.999663 13.999240 13.999787 13.999816 13.999849 13.999846 13.999862 13.999854 13.999833 13.999898 13.999895 13.999873 13.999831 13.999838 13.999697 13.999842 13.999831 13.999851 13.999760 13.999841
Expected total duration: 14.000000 
# Stimuli data 
Event key:  5 4 1 8 4 3 1 7 4 3 3 6 2 1 2 3 4 1 2 2
Answer key:  1 0 0 0 0 0 0 0 0 0 0 1 0 0 0 0 0 0 0 0
# Response data 
Subject responses:  NaN NaN NaN NaN NaN NaN NaN NaN NaN NaN NaN NaN NaN NaN NaN NaN NaN NaN NaN NaN
Reaction time (msec):  NaN NaN NaN NaN NaN NaN NaN NaN NaN NaN NaN NaN NaN NaN NaN NaN NaN NaN NaN NaN

