DATA FOR RUN 1 ---------- 
SCAN TYPE:  multi 
# Timing data 
Run started  21.66 after code started 
Run duration: 234.44 
Expected run duration: 248.00 
Jitter key (msec):  1655.740699 1035.711679 1849.129306 1933.993248 1678.735155 1757.740131 1743.132468 1392.227020 1655.477890 1171.186688 1706.046088 1031.832846 1276.922985 1046.171391 1097.131781 1823.457828
Actual jitter (msec):  1655.613770 1035.140601 1848.803667 1933.921298 1678.669136 1757.789382 1743.174947 1392.238912 1654.667085 1171.106560 1706.066550 1031.890240 1276.984222 1046.218199 1097.135178 1823.465157
Stimuli duration key:  1.756009 1.811156 1.866304 1.631202 1.648617 1.872109 1.770522 1.764717 1.800000 1.668934 1.800000 1.800000 1.800000 1.721179 1.671837 1.854694
Actual stimuli duration:  1.756101 1.811247 1.866321 1.631149 1.648710 1.872270 1.770973 1.764673 1.799967 1.669032 1.799990 1.800092 1.799979 1.721109 1.671757 1.854688
Event duration:  4.192120 3.343848 4.671135 4.575457 4.207587 4.032167 3.999637 13.999870 13.998977 13.999762 13.999793 13.999861 13.999874 13.999871 13.999786 13.999832
Expected total duration: 14.000000 
# Stimuli data 
Speech samples used:  4 6 11 14 17 24 27 29 Event key:  194 195 24 4 6 196 27 29 200 17 199 197 198 193 11 14
Answer key:  3 3 2 2 2 3 1 1 0 1 0 0 0 3 1 2
# Response data 
Subject responses:  2 1 1 2 1 2 1 0 0 0 0 0 0 0 0 0
Reaction time (msec):  779.344038 497.176626 955.679984 1010.085038 879.853086 401.723089 485.127641 NaN NaN NaN NaN NaN NaN NaN NaN NaN

