DATA FOR RUN ---------- 
# Timing data 
Run started  23.09 after code started 
Run duration: 304.00 
Expected run duration: 304.00 
Jitter key (msec):  384.619124 1457.465957 251.806122 290.440664 1542.727211 663.202275 1648.752533 2456.658499 1825.621981 859.692510 584.069333 107.769015 906.308151 1759.307449 2044.401398 651.819998 594.356251 56.281482 425.259320 312.718887
Actual jitter (msec):  384.667404 1457.702436 250.901052 290.135439 1542.610345 662.812553 1647.368190 2455.996412 1825.207583 859.019136 583.397414 107.632871 906.005379 1759.347284 2043.410906 651.082113 593.383975 55.324204 425.037750 311.967609
Stimuli duration key:  3.500000 2.900000 3.500000 3.500000 2.900000 2.900000 2.000000 2.900000 2.900000 2.900000 3.500000 3.500000 3.500000 2.000000 2.900000 2.900000 3.500000 2.900000 3.500000 3.500000
Actual stimuli duration:  3.499906 2.899603 3.500102 3.500026 2.899991 2.899916 1.999979 2.900038 2.900002 2.899973 3.499813 3.499964 3.500026 2.000027 2.899961 2.899969 3.500014 2.899883 3.499439 3.499961
Event duration:  13.999766 13.999586 13.998972 13.999570 13.999619 13.999438 13.998426 13.999156 13.999443 13.999146 13.999035 13.999676 13.999542 13.999877 13.998843 13.999089 13.998897 13.998842 13.999067 13.999072
Expected total duration: 14.000000 
Event key:  1 6 3 1 2 4 8 2 4 4 3 5 1 7 4 2 3 2 3 1
Answer key:  0 1 0 0 0 0 0 0 0 0 0 1 0 0 0 0 0 0 0 0
# Response data 
Subject responses:  0 0 0 0 0 0 0 0 0 0 0 0 0 0 0 0 0 0 0 0
Reaction time (msec):  NaN NaN NaN NaN NaN NaN NaN NaN NaN NaN NaN NaN NaN NaN NaN NaN NaN NaN NaN NaN

