DATA FOR RUN ---------- 
# Timing data 
Run started  19.86 after code started 
Run duration: 304.00 
Expected run duration: 304.00 
Jitter key (msec):  324.364616 1826.854444 715.794597 1215.626212 165.648729 1203.963883 262.971285 1504.381926 1585.193357 1720.748663 450.541599 192.789169 228.976969 913.337362 152.378019 825.816977 1238.187601 996.134717 78.175529 1018.160020
Actual jitter (msec):  324.355156 1826.730694 715.724557 1215.611635 165.477988 1203.585732 261.973933 1504.396270 1585.164899 1720.735483 450.601311 192.709583 231.210309 913.185217 152.411725 825.717281 1238.227531 996.096161 78.116880 1018.039977
Stimuli duration key:  2.000000 2.100000 2.100000 2.100000 3.600000 2.000000 3.600000 2.100000 2.100000 2.100000 3.600000 2.100000 3.600000 3.600000 3.600000 3.600000 2.100000 3.600000 3.600000 2.100000
Actual stimuli duration:  2.000027 2.100101 2.100003 2.099965 3.601349 2.000547 3.600049 2.100123 2.100035 2.100068 3.600409 2.099993 3.597750 3.599986 3.599929 3.599989 2.099939 3.599978 3.600334 2.100036
Event duration:  13.999731 13.999712 13.999797 13.999790 13.999617 13.999458 13.998874 13.999877 13.999863 13.999889 13.999895 13.999799 13.999810 13.999665 13.999863 13.999761 13.999855 13.999799 13.999792 13.999776
Expected total duration: 14.000000 
# Stimuli data 
Event key:  7 3 3 4 2 8 1 3 6 4 1 3 5 1 2 2 4 1 2 4
Answer key:  0 0 0 0 0 0 0 0 1 0 0 0 1 0 0 0 0 0 0 0
# Response data 
Subject responses:  0 0 0 0 0 0 0 0 0 0 0 0 0 0 0 0 0 0 0 0
Reaction time (msec):  NaN NaN NaN NaN NaN NaN NaN NaN NaN NaN NaN NaN NaN NaN NaN NaN NaN NaN NaN NaN

