DATA FOR RUN ---------- 
# Timing data 
Run started  21.05 after code started 
Run duration: 307.98 
Expected run duration: 304.00 
Jitter key (msec):  852.988854 2049.136288 856.376908 402.433550 731.443970 1399.861490 2093.449021 2090.925832 1360.667140 665.142815 853.063629 1017.515154 904.355478 33.179406 532.426483 716.497347 179.301844 336.532926 431.739782 643.854366
Actual jitter (msec):  852.726975 2049.137204 856.335674 402.457341 731.475784 1399.795970 2093.453720 2090.874473 1360.618057 664.932840 852.981692 1017.139796 904.318312 33.006971 532.443964 716.446222 179.266583 336.426076 431.694250 643.876055
Stimuli duration key:  2.100000 2.100000 3.600000 3.600000 2.100000 2.100000 2.100000 2.100000 2.100000 2.000000 3.600000 2.100000 3.600000 3.600000 3.600000 3.600000 3.600000 3.600000 2.100000 2.000000
Actual stimuli duration:  2.100018 2.099929 3.599983 3.599903 2.099984 2.100034 2.099894 2.100254 2.099993 1.999975 3.600064 2.099984 3.599981 3.599989 3.599969 3.600015 3.600050 3.600052 2.099956 2.000009
Event duration:  13.999732 14.000037 13.999948 13.999945 14.000042 13.999992 14.000008 13.999930 14.000170 13.999794 14.000347 13.999638 14.000134 13.999783 14.000022 13.999924 14.000074 13.999957 13.999943 14.000012
Expected total duration: 14.000000 
# Stimuli data 
Event key:  3 3 2 1 4 4 4 3 3 8 2 4 2 1 1 5 1 2 6 7
Answer key:  0 0 0 0 0 0 0 0 0 0 0 0 0 0 0 1 0 0 1 0
# Response data 
Subject responses:  0 0 0 0 0 0 0 0 0 0 0 0 0 0 0 0 0 0 0 0
Reaction time (msec):  NaN NaN NaN NaN NaN NaN NaN NaN NaN NaN NaN NaN NaN NaN NaN NaN NaN NaN NaN NaN

DATA FOR RUN ---------- 
# Timing data 
Run started    NaN after code started 
Run duration:    NaN 
Expected run duration: 304.00 
Jitter key (msec):  928.870436 548.566300 48.738593 552.732133 632.066231 483.003483 243.145179 154.159449 2199.757630 935.661376 818.714437 728.261848 175.811728 828.853247 434.216937 2.756313 727.764882 1399.233973 1438.086914 1249.043003
Actual jitter (msec):  NaN NaN NaN NaN NaN NaN NaN NaN NaN NaN NaN NaN NaN NaN NaN NaN NaN NaN NaN NaN
Stimuli duration key:  2.100000 3.600000 3.600000 3.600000 2.100000 2.000000 3.600000 3.600000 2.100000 3.600000 3.600000 3.600000 3.600000 2.100000 2.100000 2.100000 2.100000 2.000000 2.100000 2.100000
Actual stimuli duration:  NaN NaN NaN NaN NaN NaN NaN NaN NaN NaN NaN NaN NaN NaN NaN NaN NaN NaN NaN NaN
Event duration:  NaN NaN NaN NaN NaN NaN NaN NaN NaN NaN NaN NaN NaN NaN NaN NaN NaN NaN NaN NaN
Expected total duration: 14.000000 
# Stimuli data 
Event key:  4 2 2 2 6 8 1 1 3 2 1 1 5 4 4 4 3 7 3 3
Answer key:  0 0 0 0 1 0 0 0 0 0 0 0 1 0 0 0 0 0 0 0
# Response data 
Subject responses:  0 0 0 0 0 0 0 0 0 0 0 0 0 0 0 0 0 0 0 0
Reaction time (msec):  NaN NaN NaN NaN NaN NaN NaN NaN NaN NaN NaN NaN NaN NaN NaN NaN NaN NaN NaN NaN

