DATA FOR RUN 2 ---------- 
SCAN TYPE:  multi 
# Timing data 
Run started  26.33 after code started 
Run duration: 248.00 
Expected run duration: 248.00 
Jitter key (msec):  1486.439615 1575.112416 1261.022049 1520.278427 1711.150885 919.257477 983.873508 1874.801667 1551.349532 1131.237816 1303.491143 1022.020518 1168.438821 1157.846170 1231.665239 1052.234013
Actual jitter (msec):  1486.066618 1575.148451 1260.963560 1519.267995 1711.207209 919.225649 983.935211 1874.832140 1551.346565 1131.319875 1303.542935 1021.990960 1168.409048 1157.801097 1231.677569 1052.164610
Stimuli duration key:  1.767619 1.724082 1.848889 1.726984 1.721179 1.756009 1.800000 1.800000 1.576054 1.872109 1.800000 1.811156 1.872109 1.800000 1.634104 1.729887
Actual stimuli duration:  1.767659 1.724083 1.848916 1.727063 1.721179 1.755958 1.799941 1.799973 1.576095 1.872064 1.799954 1.811073 1.872146 1.799956 1.634137 1.729907
Event duration:  13.999592 14.000054 14.000931 13.998993 14.000069 13.999945 13.999980 14.000024 13.999970 14.000013 14.000078 13.999932 14.000034 13.999970 14.000023 13.999939
Expected total duration: 14.000000 
# Stimuli data 
Speech samples used:  36 38 42 48 49 53 59 63 Event key:  36 49 63 59 193 194 197 198 48 42 199 195 196 200 38 53
Answer key:  2 1 1 1 3 3 0 0 2 2 0 3 3 0 2 1
# Response data 
Subject responses:  0 0 0 0 0 0 0 0 0 0 0 0 0 0 0 0
Reaction time (msec):  NaN NaN NaN NaN NaN NaN NaN NaN NaN NaN NaN NaN NaN NaN NaN NaN

DATA FOR RUN 3 ---------- 
SCAN TYPE:  multi 
# Timing data 
Run started 305.17 after code started 
Run duration: 248.00 
Expected run duration: 248.00 
Jitter key (msec):  1248.007660 1021.658454 1784.153058 994.278390 1830.040626 1299.019969 947.401462 1242.373503 1635.966159 1694.682157 1444.905898 1586.223463 1793.632696 954.791790 1203.661380 946.191556
Actual jitter (msec):  1247.926498 1021.706729 1784.184153 994.246741 1830.058482 1299.048823 947.456523 1242.398442 1635.897395 1694.669237 1444.946891 1586.271931 1796.404454 954.731986 1203.717451 946.193848
Stimuli duration key:  1.811156 1.873560 1.819864 1.800000 1.872109 1.800000 1.851791 1.756009 1.721179 1.869206 1.872109 1.800000 1.622494 1.741497 1.800000 1.851791
Actual stimuli duration:  1.811305 1.873603 1.819890 1.800021 1.872092 1.800081 1.851768 1.755992 1.721214 1.869194 1.872087 1.799942 1.619634 1.741527 1.799967 1.851787
Event duration:  13.999918 14.000070 14.000008 13.999950 14.000034 13.999929 14.000038 14.000037 13.999997 13.999922 13.999993 14.000071 13.999996 13.999933 14.000028 14.000025
Expected total duration: 14.000000 
# Stimuli data 
Speech samples used:  65 70 76 77 82 88 91 95 Event key:  195 88 91 197 82 198 95 194 193 76 196 199 70 77 200 65
Answer key:  3 2 1 0 2 0 1 3 3 2 3 0 2 1 0 1
# Response data 
Subject responses:  0 0 0 0 0 0 0 0 0 0 0 0 0 0 0 0
Reaction time (msec):  NaN NaN NaN NaN NaN NaN NaN NaN NaN NaN NaN NaN NaN NaN NaN NaN

DATA FOR RUN 4 ---------- 
SCAN TYPE: hybrid 
# Timing data 
Run started 576.24 after code started 
Run duration: 248.00 
Expected run duration: 248.00 
Jitter key (msec):  1095.476764 1620.165803 1621.753273 1777.799071 1482.432964 970.684335 1822.744570 1700.372092 1185.946856 1443.663233 1884.776237 1615.678067 1738.969597 1333.260561 1370.624716 1460.713411
Actual jitter (msec):  1095.445898 1620.146029 1621.685557 1777.964128 1482.483904 970.660755 1822.782378 1700.350316 1185.897234 1443.637379 1884.766408 1615.462323 1739.017833 1333.315582 1370.709838 1460.758247
Stimuli duration key:  1.811156 1.721179 1.811156 1.800000 1.825669 1.872109 1.477370 1.660227 1.724082 1.776327 1.800000 1.800000 1.800000 1.756009 1.677642 1.718277
Actual stimuli duration:  1.811174 1.721208 1.811199 1.799868 1.825692 1.872107 1.477306 1.660232 1.724089 1.776289 1.799945 1.799932 1.799980 1.756015 1.677610 1.718284
Event duration:  13.999970 14.000008 13.999945 13.999978 14.000085 13.999946 14.000032 13.999976 14.000059 13.999962 14.000233 13.999697 13.999976 13.999998 14.000029 14.000053
Expected total duration: 14.000000 
# Stimuli data 
Speech samples used:  100 103 105 111 116 118 121 126 Event key:  195 193 118 198 121 196 126 116 111 103 199 200 197 194 100 105
Answer key:  3 3 2 0 1 3 2 2 1 1 0 0 0 3 2 1
# Response data 
Subject responses:  0 0 0 0 0 0 0 0 0 0 0 0 0 0 0 0
Reaction time (msec):  NaN NaN NaN NaN NaN NaN NaN NaN NaN NaN NaN NaN NaN NaN NaN NaN

DATA FOR RUN 5 ---------- 
SCAN TYPE:   isss 
# Timing data 
Run started 840.50 after code started 
Run duration: 248.00 
Expected run duration: 248.00 
Jitter key (msec):  1169.091544 1649.018468 1403.887773 1546.809666 1207.745582 1038.724636 1375.572934 1262.459281 1688.113428 1680.295821 1568.512214 1033.503860 921.555887 1459.840706 1200.819018 1839.409714
Actual jitter (msec):  1169.110000 1649.000863 1403.927897 1546.743381 1207.720415 1038.732320 1375.628691 1262.395298 1688.041794 1680.272938 1568.532236 1033.397708 921.533497 1459.843000 1200.839859 1839.380019
Stimuli duration key:  1.805351 1.811156 1.631202 1.800000 1.872109 1.869206 1.756009 1.587664 1.631202 1.800000 1.800000 1.721179 1.837279 1.607982 1.793741 1.800000
Actual stimuli duration:  1.805301 1.811162 1.631159 1.799997 1.872108 1.869241 1.756003 1.587674 1.631266 1.800000 1.800057 1.721200 1.837266 1.607972 1.793690 1.799999
Event duration:  14.000004 13.999978 14.000049 13.999953 13.999936 13.999993 14.000067 14.000024 13.999974 13.999927 14.000106 13.999928 14.000002 14.000005 13.999961 13.999982
Expected total duration: 14.000000 
# Stimuli data 
Speech samples used:  131 136 140 142 146 149 155 157 Event key:  140 195 142 197 196 155 194 149 157 199 200 193 131 146 136 198
Answer key:  2 3 2 0 3 1 3 1 1 0 0 3 1 2 2 0
# Response data 
Subject responses:  0 0 0 0 0 0 0 0 0 0 0 0 0 0 0 0
Reaction time (msec):  NaN NaN NaN NaN NaN NaN NaN NaN NaN NaN NaN NaN NaN NaN NaN NaN

DATA FOR RUN 6 ---------- 
SCAN TYPE:   isss 
# Timing data 
Run started 1102.03 after code started 
Run duration: 248.00 
Expected run duration: 248.00 
Jitter key (msec):  1880.903636 1186.620389 1700.820287 1796.111351 1497.526577 1784.016736 1843.731541 1449.158087 1628.386825 1476.758298 925.857471 1346.530978 1546.301957 1421.202953 1272.312661 1837.134666
Actual jitter (msec):  1880.839795 1186.630587 1700.858145 1796.108354 1497.541696 1788.890635 1843.740356 1449.233123 1628.265842 1476.733532 925.820049 1346.612494 1546.344945 1421.229697 1272.338549 1837.203058
Stimuli duration key:  1.671837 1.700862 1.811156 1.800000 1.677642 1.800000 1.872109 1.875011 1.828571 1.578957 1.697959 1.834376 1.756009 1.800000 1.800000 1.721179
Actual stimuli duration:  1.672526 1.700866 1.811131 1.800041 1.677601 1.795130 1.872177 1.874959 1.828592 1.579023 1.697963 1.834286 1.755992 1.799956 1.800009 1.721142
Event duration:  13.999978 13.999971 13.999984 14.000058 13.999968 13.999977 13.999967 14.000115 13.999919 14.000029 13.999910 14.000014 13.999999 14.000003 13.999987 14.000010
Expected total duration: 14.000000 
# Stimuli data 
Speech samples used:  164 166 172 175 179 181 186 189 Event key:  179 166 195 197 189 200 196 172 175 181 186 164 194 199 198 193
Answer key:  1 2 3 0 1 0 3 2 1 1 2 2 3 0 0 3
# Response data 
Subject responses:  0 0 0 0 0 0 0 0 0 0 0 0 0 0 0 0
Reaction time (msec):  NaN NaN NaN NaN NaN NaN NaN NaN NaN NaN NaN NaN NaN NaN NaN NaN

