DATA FOR RUN ---------- 
# Timing data 
Run started  21.08 after code started 
Run duration: 304.00 
Expected run duration: 304.00 
Jitter key (msec):  357.976670 135.760344 484.973118 21.501757 176.688823 25.238081 358.876540 393.316383 177.403982 122.946760 182.423067 193.171848 398.155891 630.976384 118.938726 117.885921 566.663547 88.067403 202.171257 1446.709185
Actual jitter (msec):  356.946916 135.716506 484.971556 21.478005 176.703434 25.223366 358.890013 393.247891 177.414972 122.812252 182.511230 193.227295 398.195939 631.043867 118.908414 117.812234 566.670805 87.998193 202.115752 1446.727484
Stimuli duration key:  3.600000 2.100000 2.000000 3.600000 3.600000 2.100000 3.600000 2.000000 2.100000 3.600000 3.600000 2.100000 3.600000 2.100000 3.600000 2.100000 2.100000 2.100000 3.600000 2.100000
Actual stimuli duration:  3.600026 2.102962 1.999958 3.600061 3.600014 2.101436 3.600001 1.999978 2.101269 3.599984 3.600006 2.101367 3.599972 2.103686 3.600018 2.100059 2.103671 2.103054 3.600088 2.103906
Event duration:  13.998831 13.999852 13.999848 13.999884 13.999854 13.999847 13.999846 13.999801 13.999856 13.999741 13.999861 13.999772 13.999897 13.999902 13.999863 13.999834 13.999877 13.999823 13.999855 13.999873
Expected total duration: 14.000000 
Event key:  1 3 7 2 1 4 2 8 6 2 1 3 1 4 5 3 4 4 2 3
Answer key:  0 0 0 0 0 0 0 0 1 0 0 0 0 0 1 0 0 0 0 0
# Response data 
Subject responses:  0 0 0 0 0 0 0 0 0 0 0 0 0 0 0 0 0 0 0 0
Reaction time (msec):  NaN NaN NaN NaN NaN NaN NaN NaN NaN NaN NaN NaN NaN NaN NaN NaN NaN NaN NaN NaN

