DATA FOR RUN ---------- 
# Timing data 
Run started  27.03 after code started 
Run duration: 304.00 
Expected run duration: 304.00 
Jitter key (msec):  123.932278 1127.821775 852.998155 2010.033033 621.676964 479.461125 564.979571 1472.717198 959.166589 205.975516 1895.866243 82.071207 243.131681 284.082244 382.859014 620.958644 573.709765 52.077890 2141.763185 728.661682
Actual jitter (msec):  123.749314 1127.645452 853.050938 2010.008055 621.727781 479.444782 564.905112 1472.722058 959.103218 205.885495 1895.854246 81.994066 243.114870 284.145106 382.875405 620.994428 573.684817 52.054271 2141.731862 728.762998
Stimuli duration key:  3.000000 1.700000 3.000000 1.700000 1.700000 1.700000 3.000000 1.700000 1.700000 3.000000 2.000000 3.000000 1.700000 2.000000 1.700000 3.000000 3.000000 3.000000 1.700000 3.000000
Actual stimuli duration:  3.000084 1.700098 2.999935 1.700052 1.700573 1.699995 3.000055 1.699987 1.700006 3.000063 1.999990 3.000073 1.702976 1.999899 1.700060 2.999936 3.000106 3.000035 1.700424 2.999945
Event duration:  13.999725 13.999698 13.999869 13.999806 13.999859 13.999846 13.999793 13.999831 13.999811 13.999798 13.999825 13.999759 13.999834 13.999843 13.999898 13.999833 13.999882 13.999873 13.999831 13.999905
Expected total duration: 14.000000 
Event key:  1 4 2 3 3 3 2 3 4 2 8 2 6 7 4 1 1 1 4 5
Answer key:  0 0 0 0 0 0 0 0 0 0 0 0 1 0 0 0 0 0 0 1
# Response data 
Subject responses:  0 0 0 0 0 0 0 0 0 0 0 0 0 0 0 0 0 0 0 0
Reaction time (msec):  NaN NaN NaN NaN NaN NaN NaN NaN NaN NaN NaN NaN NaN NaN NaN NaN NaN NaN NaN NaN

