DATA FOR RUN 1 ---------- 
SCAN TYPE:   isss 
# Timing data 
Run started  47.23 after code started 
Run duration: 248.00 
Expected run duration: 248.00 
Jitter key (msec):  1694.403910 1256.784563 1009.758650 1532.283071 1279.391965 1946.230154 1906.443267 1392.684576 1024.855234 1671.436797 1837.170635 1971.499638 1056.932885 1450.323813 1582.470302 1686.637814
Actual jitter (msec):  1694.239808 1256.368560 1009.771307 1532.136015 1280.812707 1946.200871 1906.473078 1392.748529 1024.917971 1671.483080 1837.671003 1971.458250 1057.000733 1450.422624 1582.461180 1686.647389
Stimuli duration key:  1.800000 1.800000 1.756009 1.671837 1.668934 1.721179 1.631202 1.793741 1.872109 1.875011 1.811156 1.800000 1.544127 1.800000 1.875011 1.724082
Actual stimuli duration:  1.799953 1.800057 1.755958 1.671821 1.667624 1.721133 1.631174 1.793639 1.872088 1.874976 1.810711 1.800029 1.544111 1.799904 1.874950 1.724112
Event duration:  13.999802 13.999612 14.000153 13.999827 14.000033 13.999926 13.999995 13.999974 14.000038 13.999941 14.000038 13.999945 14.000015 14.000002 13.999904 14.000086
Expected total duration: 14.000000 
# Stimuli data 
Speech samples used:  4 7 10 15 17 21 26 32 Event key:  199 197 194 15 17 193 4 21 196 32 195 198 7 200 26 10
Answer key:  0 0 3 1 1 3 2 1 3 2 3 0 1 0 2 2
# Response data 
Subject responses:  0 0 0 0 0 0 0 0 0 0 0 0 0 0 0 0
Reaction time (msec):  NaN NaN NaN NaN NaN NaN NaN NaN NaN NaN NaN NaN NaN NaN NaN NaN

