DATA FOR RUN 3 ---------- 
SCAN TYPE:   isss 
# Timing data 
Run started  33.41 after code started 
Run duration: 248.00 
Expected run duration: 248.00 
Jitter key (msec):  1763.262775 1826.449540 1573.463589 1792.581664 1329.041196 1223.461976 1312.386342 1584.523479 1829.914141 1290.462492 1402.554392 1862.057298 1614.739550 1991.187788 1203.698875 1827.209085
Actual jitter (msec):  1763.269779 1826.431931 1573.434783 1792.550788 1329.045985 1223.365495 1312.402574 1584.452870 1829.883083 1290.446925 1402.499997 1862.071100 1614.762674 1991.238713 1203.736655 1827.231471
Stimuli duration key:  1.721179 1.800000 1.866304 1.756009 1.800000 1.840181 1.741497 1.800000 1.811156 1.863401 1.872109 1.703764 1.800000 1.873560 1.851791 1.872109
Actual stimuli duration:  1.721068 1.799987 1.866294 1.756023 1.799991 1.840221 1.741503 1.799984 1.811227 1.863478 1.872191 1.703796 1.799965 1.873489 1.851762 1.872072
Event duration:  13.999926 14.000017 13.999992 13.999966 14.000075 13.999900 14.000080 13.999946 13.999959 14.000034 13.999961 13.999991 14.000041 13.999952 14.000025 14.000002
Expected total duration: 14.000000 
# Stimuli data 
Speech samples used:  66 72 75 77 82 88 89 95 Event key:  193 200 72 194 199 66 77 198 195 75 82 89 197 88 95 196
Answer key:  3 0 2 3 0 2 1 0 3 1 2 1 0 2 1 3
# Response data 
Subject responses:  0 0 2 0 0 1 2 0 0 1 2 1 0 2 1 0
Reaction time (msec):  NaN NaN 746.871029 NaN NaN 339.521288 2256.090753 NaN NaN 2590.249432 337.804744 1074.350742 NaN 986.723788 364.474298 NaN

DATA FOR RUN 4 ---------- 
SCAN TYPE:   isss 
# Timing data 
Run started 306.76 after code started 
Run duration: 248.00 
Expected run duration: 248.00 
Jitter key (msec):  1675.861619 1248.949470 1475.785627 1399.075227 1599.438249 1800.522766 1105.068771 1821.442194 1841.086330 1354.506244 1430.069463 1572.239218 1700.824731 1742.469757 1757.884151 1389.128764
Actual jitter (msec):  1675.779198 1248.922529 1475.729862 1399.029315 1599.380319 1800.469869 1105.006845 1821.445998 1841.075139 1354.527601 1430.076463 1572.223604 1700.859994 1742.504877 1757.868903 1389.138576
Stimuli duration key:  1.721179 1.800000 1.564444 1.793741 1.938866 1.622494 1.776327 1.872109 1.811156 1.800000 1.800000 1.637007 1.695057 1.756009 1.800000 1.851791
Actual stimuli duration:  1.721186 1.799949 1.564479 1.793730 1.938858 1.622535 1.776401 1.872148 1.811201 1.799970 1.800005 1.637006 1.695047 1.755928 1.800026 1.851787
Event duration:  13.999953 13.999989 14.000013 13.999966 13.999996 14.000018 13.999928 13.999997 14.000004 14.000021 13.999996 13.999992 14.000027 13.999980 13.999962 13.999982
Expected total duration: 14.000000 
# Stimuli data 
Speech samples used:  99 103 108 109 114 117 122 128 Event key:  193 199 114 108 122 109 103 196 195 197 198 99 117 194 200 128
Answer key:  3 0 2 2 2 1 1 3 3 0 0 1 1 3 0 2
# Response data 
Subject responses:  0 0 2 1 2 1 1 0 0 0 0 1 1 0 0 2
Reaction time (msec):  NaN NaN 330.694816 474.176825 627.509307 2209.933586 503.054299 NaN NaN NaN NaN 620.776595 515.177127 NaN NaN 704.476833

DATA FOR RUN 5 ---------- 
SCAN TYPE:  multi 
# Timing data 
Run started 578.84 after code started 
Run duration: 248.00 
Expected run duration: 248.00 
Jitter key (msec):  1429.302485 1956.344658 1572.971367 1849.722054 1276.345316 1622.323615 1588.361685 1963.468466 1085.902695 1500.498892 1521.589676 1090.166002 1904.666480 1884.388939 1438.989667 1781.722613
Actual jitter (msec):  1428.240616 1956.295122 1572.935709 1849.694005 1276.345457 1622.286041 1588.400391 1963.466043 1085.839520 1500.499374 1521.509156 1090.173741 1904.680178 1884.379496 1438.966950 1781.709074
Stimuli duration key:  1.837279 1.756009 1.607982 1.805351 1.800000 1.857596 1.872109 1.800000 1.587664 1.840181 1.625397 1.800000 1.800000 1.811156 1.721179 1.750204
Actual stimuli duration:  1.837314 1.756040 1.608011 1.805333 1.800011 1.857594 1.872052 1.799953 1.587639 1.840183 1.625466 1.799959 1.799940 1.811122 1.721211 1.750184
Event duration:  13.998975 13.999955 13.999978 13.999990 14.000053 13.999941 13.999982 14.000049 13.999931 14.000061 13.999964 14.000015 13.999990 13.999946 14.000019 13.999973
Expected total duration: 14.000000 
# Stimuli data 
Speech samples used:  131 135 140 144 146 149 153 158 Event key:  131 194 146 140 198 135 196 199 149 153 158 197 200 195 193 144
Answer key:  1 3 2 2 0 1 3 0 1 1 2 0 0 3 3 2
# Response data 
Subject responses:  1 0 2 2 0 1 0 0 1 1 2 0 0 0 0 2
Reaction time (msec):  1534.065828 NaN 1492.454191 679.096070 NaN 1926.607127 NaN NaN 1342.883796 228.526347 286.146343 NaN NaN NaN NaN 331.758690

DATA FOR RUN 6 ---------- 
SCAN TYPE:  multi 
# Timing data 
Run started 848.90 after code started 
Run duration: 248.00 
Expected run duration: 248.00 
Jitter key (msec):  1148.465023 1619.815927 1260.623679 1445.656211 1843.999511 1196.204919 1303.851623 1483.294568 1337.812044 1798.485830 1987.487575 1159.047555 1236.879783 1702.236633 1375.471663 1973.704903
Actual jitter (msec):  1148.431387 1619.727574 1260.572496 1445.585013 1843.995068 1196.247541 1303.858824 1483.270055 1337.795553 1798.461554 1987.221784 1159.038737 1236.857619 1702.184448 1375.486605 1973.691200
Stimuli duration key:  1.799546 1.872109 1.857596 1.800000 1.718277 1.666032 1.756009 1.549932 1.770522 1.800000 1.800000 1.578957 1.800000 1.721179 1.811156 1.834376
Actual stimuli duration:  1.799546 1.872164 1.857583 1.800033 1.718260 1.666034 1.755982 1.549965 1.770530 1.800067 1.799969 1.578905 1.800813 1.721255 1.811149 1.834403
Event duration:  14.000012 14.000003 13.999955 14.000029 13.999905 14.000021 14.000047 13.999975 13.999990 14.000270 13.999728 14.000022 13.999989 13.999928 14.000043 13.999973
Expected total duration: 14.000000 
# Stimuli data 
Speech samples used:  164 167 170 176 178 181 185 191 Event key:  176 196 170 197 191 167 194 178 185 198 200 181 199 193 195 164
Answer key:  2 3 2 0 1 1 3 2 1 0 0 1 0 3 3 2
# Response data 
Subject responses:  2 0 2 0 1 1 0 2 1 0 0 1 0 0 0 2
Reaction time (msec):  953.274399 NaN 1714.350067 NaN 436.622164 901.682399 NaN 1886.443034 842.669791 NaN NaN 726.553392 NaN NaN NaN 302.084824

